[86, 23]
[46, 3, 17]
[25, 2, 5]
[9, 7, 33]
[1]
[0, 26]
[38, 1]
[4, 14, 22]
[19, 16]
[1, 6]
[24, 4]
[6, 60]
[10, 24, 73, 1]
[28]
[22, 18, 1, 42]
[37, 13, 23, 4]
[16, 0, 23]
[38, 13, 28]
[4]
[6]
[5, 16, 10]
[12, 16, 6, 4]
[18, 14]
[15, 21, 68]
[8, 11]
[22, 4]
[15, 5]
[5, 1]
[38, 18, 26]
[7]
[34, 2, 21]
[16, 31, 19]
[18, 43, 4]
[14, 12, 2]
[12]
[7, 10, 50]
[14]
[5]
[64, 9]
[17, 22, 16]
[4, 71, 5]
[18]
[5, 23]
[20, 13]
[39, 33, 13]
[4, 35, 1, 42]
[2, 11, 0, 3]
[8, 40, 17]
[65]
[1]
[7, 24, 32]
[51, 37]
[68, 5]
[3, 28, 2]
[44, 22]
[6, 24, 14]
[27, 4]
[57, 1]
[15, 13]
[17, 19]
[9]
[12, 6, 47]
[32, 5]
[24]
[27, 11, 37, 7]
[4, 19, 12, 24]
[28]
[1, 43]
[6, 59]
[18]
[35, 0, 8]
[9, 7]
[33, 0, 23]
[2, 33]
[31]
[21, 6, 10]
[102, 11]
[2, 7, 48]
[19, 8]
[53]
[16, 27]
[12, 1, 4, 23]
[35]
[31, 45, 16, 8]
[22, 3]
[12]
[21, 16, 2, 24]
[26, 45]
[24, 32, 4, 1]
[17, 2, 20]
[19, 27, 9, 1]
[9, 17, 21]
[13, 2, 40]
[16]
[4, 5]
[108, 10, 0]
[6, 68, 63, 20]
[3, 27]
[12, 4]
[4, 17, 18]
