-86.7883 32.3534
-86.6036 32.4001
-86.7958 32.3467
-86.5878 32.3816
-86.7666 32.469
-86.6607 32.4106
-86.6078 32.4385
-86.6154 32.5194
-86.7997 32.4033
-86.5795 32.458
-86.7369 32.4667
-86.747 32.5155
-86.7435 32.4913
-86.6512 32.4148
-86.6413 32.4371
-86.7377 32.4732
-86.8318 32.4539
-86.6761 32.3988
-86.7472 32.4673
-86.9008 32.5384
-86.9 32.5352
-86.8986 32.5348
-86.6946 32.4956
-86.9034 32.5839
-86.8993 32.5491
-86.8705 32.5674
-86.7056 32.6863
-86.714 32.7018
-86.652 32.5832
-86.6402 32.7001
-86.6941 32.6697
-86.9135 32.6635
-86.9157 32.6606
-86.9172 32.6601
-86.9157 32.6571
-86.9163 32.6586
-86.9153 32.6422
-86.8982 32.5717
-86.8964 32.5711
-86.8952 32.5615
-86.8953 32.5601
-86.8931 32.5587
-86.8985 32.5516
-86.4891 32.6747
-86.4566 32.694
-86.5442 32.6503
-86.4964 32.7051
-86.4724 32.6947
-86.5161 32.6741
-86.4484 32.666
-86.4955 32.6661
-86.4318 32.6047
-86.6084 32.6348
-86.4408 32.7067
-86.4696 32.6969
-86.5684 32.5844
-86.5698 32.5839
-86.49 32.6172
-86.4606 32.6986
-86.489 32.5946
-86.5054 32.5992
-86.5034 32.5311
-86.5017 32.3956
-86.5442 32.3911
-86.5424 32.3874
-86.5416 32.5043
-86.4465 32.5841
-86.5697 32.3965
-86.5155 32.5496
-86.561 32.4232
-86.5131 32.5492
-86.5169 32.4217
-86.531 32.3859
-86.5495 32.5033
-86.5261 32.4445
-86.4447 32.4158
-86.4162 32.4778
-86.5138 32.5314
-86.465 32.4491
-86.465 32.4488
-86.4216 32.4226
-86.5703 32.5028
-86.4907 32.4468
-86.4653 32.445
-86.4231 32.4322
-86.6809 32.3598
-86.8579 32.3212
-86.5931 32.3688
-86.8326 32.439
-86.9212 32.4375
-86.6843 32.3892
-86.615 32.5147
-86.7969 32.3962
-86.8034 32.3907
-86.7942 32.3569
-86.7879 32.4106
-86.67 32.4255
-86.7852 32.3339
-86.8026 32.5166
-86.7 32.4229
