-112.586 35.2022 -105.018 35.8721
-97.1399 38.5456 -84.4145 38.944
-90.1898 33.5079 -85.2339 34.5309
-116.766 38.6892 -79.8422 38.8265
-107.277 39.1459 -101.596 40.0384
-101.283 41.0662 -96.1388 42.0517
-84.2202 35.6933 -79.478 36.7624
-115.599 33.2268 -110.132 34.1542
-112.925 40.188 -101.185 40.6198
-105.906 39.3459 -86.3153 39.6047
-106.722 40.7024 -101.309 41.6392
-110.146 37.8276 -103.464 38.5863
-96.3163 35.1401 -92.2066 36.3738
-96.7639 36.4774 -92.5539 37.6816
-113.364 40.1344 -107.316 40.9727
-98.3043 33.5981 -94.212 34.8371
-90.3762 33.0954 -82.3626 33.7281
-116.304 33.6367 -79.2917 33.7737
-108.584 35.3291 -104.669 36.6241
-110.395 42.3677 -104.38 43.2106
-93.2049 33.8997 -89.144 35.1482
-106.215 36.5524 -98.8948 37.245
-101.663 43.3783 -97.528 44.6044
-97.0087 38.5142 -92.3724 39.6078
-111.536 39.9761 -105.466 40.8113
-108.055 34.2887 -103.765 35.4703
-116.279 44.4789 -111.85 45.6236
-116.663 36.7775 -112.212 37.9164
-116.4 39.6436 -111.798 40.7452
-96.9472 42.1515 -91.5342 43.0881
-93.7278 38.2211 -89.2202 39.3458
-103.616 42.3099 -98.858 43.3756
-100.603 35.6828 -94.3044 36.4877
-90.4108 42.6843 -84.9057 43.6052
-109.688 45.332 -89.8773 45.5879
-98.5319 35.73 -92.8144 36.6167
-91.6899 36.0099 -85.1558 36.7858
-116.607 36.1205 -110.346 36.9303
-109.884 36.4607 -95.0936 36.8035
-91.0086 43.5069 -85.5537 44.4364
-116.094 39.4723 -111.598 40.6001
-105.653 44.4878 -98.6811 45.215
-84.3215 38.2717 -78.9785 39.2206
-101.978 35.8384 -95.0049 36.5655
-102.566 40.3911 -97.1107 41.3205
-84.4705 35.0135 -79.1799 35.9718
-97.4687 44.6143 -90.5531 45.3474
-111.604 45.1305 -97.0491 45.4788
-111.755 35.9887 -107.437 37.1629
-95.4272 33.3317 -90.1317 34.2892
-86.6097 33.6422 -81.852 34.7079
-100.884 38.1163 -89.9304 38.5791
-115.742 37.712 -106.812 38.2798
-91.844 43.0679 -87.3505 44.1962
-109.676 36.3571 -104.278 37.2964
-93.4504 35.8618 -89.3614 37.1017
-104.709 43.1228 -100.183 44.2429
-107.14 33.8625 -102.768 35.0221
-100.711 35.6464 -96.4481 36.8356
-85.5935 43.375 -80.4908 44.3686
-108.402 42.0422 -103.175 43.0121
-112.718 36.9405 -107.218 37.8623
-92.3306 37.6378 -79.6565 38.0378
-110.679 34.1555 -106.069 35.2553
-93.9614 36.7143 -89.7744 37.9252
-91.4894 44.8775 -86.4088 45.8754
-116.689 37.2353 -110.058 37.9999
-109.844 40.6252 -104.294 41.5387
-104.561 34.2133 -98.5497 35.0567
-93.0446 33.327 -84.2555 33.9039
-109.38 36.4411 -102.62 37.191
-92.1436 37.9083 -87.0278 38.8993
-97.0188 37.2684 -89.2941 37.9247
-84.8181 39.2363 -80.6767 40.4605
-115.075 35.2667 -110.687 36.422
-101.452 44.42 -95.7915 45.3156
-112.977 44.5271 -107.377 45.4325
-99.1191 35.0904 -88.654 35.5748
-110.104 39.5691 -104.632 40.4957
-116.712 37.1015 -110.607 37.9321
-94.9027 39.9934 -88.5916 40.7967
-114.465 36.8636 -102.191 37.2767
-88.1795 44.2728 -83.4921 45.3544
-86.1435 43.6327 -79.5176 44.3978
-111.332 43.9341 -107.017 45.1091
-93.535 37.6811 -88.6038 38.7092
-110.017 39.0997 -105.295 40.1734
-114.767 34.6418 -110.2 35.7517
-98.1801 37.1338 -92.9775 38.1083
-115.544 37.5215 -86.3396 37.6951
-90.7198 33.34 -85.9931 34.4126
-98.956 34.5509 -87.0564 34.977
-83.2744 44.4023 -78.9154 45.5654
-95.1878 43.812 -90.9691 45.0137
-88.5829 33.9346 -84.6544 35.2252
-112.714 42.7448 -96.9126 43.0657
-99.7889 44.6052 -95.0239 45.6692
-94.4034 33.4635 -84.6063 33.981
-114.525 40.6114 -87.2075 40.797
-110.353 41.86 -105.612 42.9294
-100.5 39.2453 -93.6499 39.9854
-104.085 35.1542 -96.9114 35.861
-99.0797 34.8542 -89.6833 35.3938
-94.1265 42.626 -85.5954 43.2203
-92.6763 40.2083 -85.4661 40.9115
-95.4896 42.5602 -87.0345 43.1598
-115.863 36.3209 -110.011 37.1873
-87.8145 33.5748 -82.1373 34.4678
-88.6968 36.1489 -82.7821 37.0061
-110.786 38.353 -106.533 39.545
-94.3048 45.1715 -81.8577 45.5789
-98.0366 37.4693 -92.9539 38.4668
-104.259 44.8928 -98.1946 45.7288
-111.412 41.9822 -103.832 42.6511
-87.4125 38.9677 -81.8342 39.8766
-93.5326 35.3269 -89.4276 36.562
-110.55 35.9077 -99.8005 36.3794
-90.6846 34.2732 -86.474 35.4773
-105.849 44.3966 -101.517 45.567
-100.773 34.7116 -95.5198 35.6767
-106.848 45.5549 -94.3774 45.9614
-94.5842 39.9667 -83.819 40.4377
-103.868 44.1897 -99.3914 45.3222
-113 34.4309 -108.587 35.5799
-103.196 33.0764 -86.2171 33.375
-92.531 41.1613 -87.3157 42.1334
-97.732 44.0803 -91.2448 44.8619
-96.3146 41.3125 -85.4699 41.78
-105.597 45.6166 -78.9349 45.8068
-108.491 38.9091 -92.2978 39.2222
-107.386 42.9741 -103.311 44.2182
-111.969 40.55 -107.9 41.7961
-104.473 33.2775 -97.9981 34.0605
-97.0803 34.6822 -91.0619 35.5246
-99.4333 42.4038 -92.3031 43.1148
-85.4573 39.0188 -78.2544 39.7227
-95.5442 33.9838 -90.5696 35.003
-99.7748 42.7251 -95.1391 43.8188
-107.156 42.4301 -88.67 42.7044
-107.287 34.4472 -91.311 34.7646
-99.8243 37.672 -94.7633 38.6738
-96.7505 39.3358 -92.2333 40.4582
-110.974 44.5581 -98.8251 44.9754
-96.6929 39.6005 -82.9341 39.9689
-99.3222 33.8656 -95.3039 35.1273
-110.693 33.8187 -101.417 34.3653
-96.5066 41.3018 -91.8022 42.3795
-86.7596 35.3687 -81.7462 36.38
-87.7474 41.0247 -83.3549 42.179
-100.444 34.2627 -82.5164 34.5455
-110.292 40.1095 -106.255 41.3653
-101.949 35.3191 -96.6609 36.2778
-116.741 38.3662 -78.4959 38.4987
-110.127 35.7929 -97.2565 36.1869
-106.138 41.7367 -100.969 42.7176
-112.172 44.3487 -106.632 45.2638
-101.895 39.5189 -95.9459 40.3712
-87.6562 38.0686 -83.1025 39.1819
-114.861 36.2733 -109.534 37.2249
-116.437 33.6765 -112.227 34.881
-114.135 35.9574 -109.659 37.0901
-101.334 41.6888 -91.3904 42.1987
-98.482 33.4578 -94.5041 34.7324
-102.27 36.6375 -96.983 37.5965
-89.1193 40.6408 -82.2532 41.3792
-104.368 42.2068 -99.3156 43.2102
-84.7857 35.6818 -79.9729 36.7352
-111.207 33.9582 -99.9493 34.4086
-93.9078 34.6669 -89.225 35.7496
-90.127 34.897 -84.1229 35.7414
-115.202 35.9199 -108.743 36.7048
-92.1946 42.7729 -80.7124 43.2144
-85.9918 36.7317 -79.9719 37.574
-104.059 42.0737 -97.7374 42.8757
-115.159 40.7268 -101.246 41.0912
-101.132 44.924 -95.3528 45.8013
-88.8411 44.0383 -84.1391 45.1166
-93.6768 34.632 -87.9483 35.517
-116.758 42.8457 -110.49 43.6546
-98.7584 40.6845 -90.9154 41.3309
-111.237 41.5389 -98.3234 41.9315
-113.33 39.8289 -109.105 41.029
-100.087 39.5627 -85.7478 39.9162
-106.458 43.8527 -102.005 44.9912
-113.97 45.6529 -88.3437 45.8507
-91.612 38.6693 -85.5335 39.5033
-114.251 36.4869 -108.29 37.3374
-96.2418 44.9338 -90.7382 45.855
-109.426 45.1558 -102.992 45.9438
-83.7085 39.9863 -78.4961 40.959
-85.7304 42.4137 -81.7031 43.6726
-115.684 44.1931 -108.043 44.8566
-83.821 40.0741 -79.0976 41.1475
-111.105 44.2067 -101.44 44.7313
-111.459 34.5428 -103.626 35.19
-92.9859 44.0553 -85.3305 44.7176
-105.295 44.5963 -100.917 45.7544
-88.9789 40.2325 -83.4992 41.1577
-101.266 43.0318 -95.8497 43.9679
-86.4611 42.8512 -81.069 43.7915
-83.0357 41.3456 -79.018 42.6075
-96.6855 42.4213 -86.2808 42.9086
-116.114 41.9193 -108.038 42.5471
-87.4535 44.0254 -82.5787 45.0654
-95.698 34.1838 -91.1697 35.3034
-104.801 43.3711 -99.8356 44.3921
-97.5643 35.4253 -92.9707 36.5289
-114.989 33.473 -110.46 34.5924
-101.523 39.3586 -91.1939 39.8495
-116.466 38.1187 -109.473 38.8437
-114.511 37.6882 -108.963 38.6021
-84.6935 34.165 -80.2865 35.3154
-105.394 34.6219 -82.957 34.8478
-115.059 45.1885 -108.047 45.9115
-106.56 40.4455 -100.294 41.2547
-94.7229 44.9233 -87.4532 45.6207
-84.6209 39.4917 -78.6175 40.3363
-109.652 40.3416 -101.302 40.9488
-114.107 34.6463 -104.872 35.1953
-90.0846 34.7772 -85.3201 35.8414
-107.874 35.7569 -100.121 36.4108
-99.2868 34.8536 -95.0938 36.0627
-100.463 43.1763 -96.0095 44.3147
-111.22 43.9865 -106.344 45.0264
-90.2953 35.8394 -85.4469 36.8851
-107.843 44.9821 -87.3739 45.2297
-115.273 44.6613 -100.22 44.9981
-88.2567 34.9358 -82.9151 35.8849
-93.3674 36.0267 -89.3462 37.2875
-116.806 33.5207 -112.468 34.6896
-91.2637 37.014 -86.4614 38.0697
-87.6297 43.2589 -81.7249 44.1176
-113.186 36.9851 -105.803 37.6718
-101.139 38.9934 -95.1288 39.837
-89.0711 36.3212 -83.5695 37.2428
-91.9415 42.4839 -84.3653 43.1531
-93.5111 43.3124 -86.6742 44.0539
-110.517 41.463 -104.385 42.2898
-109.02 37.5829 -101.122 38.2249
-101.282 37.4078 -97.355 38.6987
-89.413 34.5144 -85.3948 35.7762
-105.023 33.1974 -100.013 34.2094
-114.467 34.6268 -109.997 35.7609
-95.4088 40.5013 -89.5118 41.3611
-111.761 38.3006 -107.748 39.5639
-86.7125 35.9729 -81.9457 37.0365
-97.4846 44.5238 -93.3742 45.7573
-113.447 35.2401 -97.3933 35.5559
-87.3626 38.2917 -80.8966 39.0758
-84.5481 43.3156 -80.6343 44.611
-83.5495 41.0254 -78.5825 42.0461
-104.406 33.2699 -98.8202 34.1775
-96.4801 34.1583 -90.7976 35.0505
-111.243 42.161 -104.494 42.9122
-108.947 43.6819 -104.338 44.7819
-99.2572 42.648 -91.6728 43.3164
-112.001 37.3874 -80.5236 37.5485
-105.835 39.3329 -85.2744 39.5795
-108.591 37.8068 -104.384 39.0119
-108.785 37.0397 -102.811 37.8884
-95.6838 36.7968 -90.4003 37.7564
-111.959 41.1574 -107.79 42.3734
-93.5717 36.6359 -89.3481 37.8363
-105.273 38.776 -100.79 39.907
-88.9028 37.424 -81.5219 38.1109
-93.9272 37.0933 -89.3131 38.1921
-116.726 36.9141 -99.2684 37.2045
-100.117 38.4429 -94.2668 39.3095
-89.1854 33.2781 -80.5233 33.8634
-108.273 38.6017 -104.281 39.8714
-98.8619 40.3897 -91.9866 41.1271
-109.363 42.3399 -100.094 42.8869
-98.0709 44.9941 -92.5739 45.9164
-115.484 45.2752 -105.842 45.801
-90.9745 43.5111 -85.6668 44.4663
-115.269 39.7672 -106.093 40.3197
-116.718 39.5714 -112.454 40.7605
-98.0389 33.7917 -92.6753 34.737
-107.895 45.411 -94.1166 45.779
-107.734 35.9408 -91.5 36.2531
-114.112 42.5646 -108.992 43.5548
-85.1626 33.6239 -81.218 34.9093
-104.521 40.654 -96.3452 41.2741
-109.535 41.287 -101.481 41.9165
-95.114 38.4627 -87.3203 39.1133
-99.996 39.1051 -93.6505 39.904
-93.2429 39.0067 -88.9726 40.1939
-112.091 33.8891 -104.69 34.5742
-114.703 38.3722 -106.233 38.9708
-116.459 43.3993 -108.319 44.0221
-101.651 43.8291 -97.7464 45.1276
-103.064 43.3511 -94.3725 43.9344
-110.296 35.981 -100.161 36.4813
-83.432 38.7824 -78.074 39.7287
-90.9951 35.1354 -86.7894 36.3409
-104.815 41.5336 -98.7794 42.3736
-98.2939 37.5355 -94.2217 38.7805
-108.516 39.5856 -102.416 40.4167
-115.52 40.5487 -108.797 41.3028
-88.5126 40.4581 -84.4092 41.6936
-97.7824 33.9036 -82.2583 34.2302
-99.4144 39.6481 -88.9033 40.1305
-102.02 42.3765 -94.9465 43.0933
-94.6746 42.6418 -79.4402 42.9746
-114.305 39.1052 -109.21 40.1002
-95.2427 43.6903 -89.1126 44.5173
-91.4197 37.9279 -86.7682 39.0179
-106.222 41.2395 -99.2967 41.9716
-82.4436 41.5057 -78.0163 42.6508
-114.187 39.6625 -104.423 40.1817
-115.887 37.2495 -110.507 38.1919
-87.2591 44.7566 -81.4729 45.6328
-96.3354 38.1577 -92.2764 39.4068
-101.621 37.7215 -91.8656 38.2413
-86.144 38.5757 -79.9673 39.3965
-98.3359 34.4096 -94.2022 35.6361
-114.276 44.1153 -78.5488 44.2572
-99.5062 35.4047 -94.4636 36.4102
-91.166 35.3499 -87.1143 36.6013
-99.3377 36.675 -90.8076 37.2694
-115.148 36.9296 -110.402 37.9979
-97.7257 35.7561 -90.8612 36.4947
-95.0537 42.9801 -88.4903 43.7525
-98.9542 37.0218 -94.8752 38.2648
-113.024 36.3993 -107.696 37.351
-111.292 43.3299 -97.33 43.6931
-109.434 40.6201 -105.45 41.8927
-100.768 35.0785 -88.0371 35.4767
-92.8886 43.6429 -88.7624 44.8716
-100.447 38.7658 -95.7637 39.8482
-90.5169 39.5518 -84.328 40.371
-105.367 34.743 -90.3848 35.0814
-112.438 42.6134 -108.19 43.807
-113.706 37.2327 -89.8759 37.4455
-93.6406 38.3553 -88.9274 39.431
-97.1807 41.2436 -91.0339 42.0684
-95.1346 43.7228 -90.0361 44.7172
-97.7286 39.0012 -93.696 40.2585
-94.2697 35.4008 -89.8264 36.5419
-83.4285 41.0738 -79.2383 42.2838
-98.4521 38.9997 -92.1459 39.8037
-99.6371 44.5254 -95.3935 45.7201
-94.4389 34.2808 -89.8005 35.3739
-95.0376 36.8222 -90.9099 38.0505
-85.0596 33.072 -79.8558 34.0463
-102.148 40.6546 -90.524 41.0908
-85.3195 36.0868 -79.4096 36.9447
-116.257 42.6985 -110.961 43.6559
-112.735 38.9141 -90.6849 39.144
-103.622 38.0521 -99.3385 39.2356
-116.918 45.4424 -106.642 45.9358
-111.592 38.9085 -106.762 39.9583
-101.539 34.8017 -96.7952 35.8704
-98.1032 42.3852 -92.9296 43.3652
-85.9972 41.9709 -78.0945 42.6124
-89.5854 36.3193 -81.5837 36.9529
-101.701 35.7029 -96.7812 36.7333
-87.4248 36.0251 -81.0482 36.8202
-87.3906 39.0036 -82.2191 39.9839
-115.746 44.1289 -103.745 44.5514
-86.0801 43.5898 -81.3439 44.6602
-108.419 33.5481 -103.701 34.6227
-99.7515 39.1839 -90.775 39.7487
-116.882 33.713 -96.8108 33.9656
-93.1222 33.6528 -85.4286 34.3118
-99.3292 44.2968 -93.9776 45.2441
-88.8471 37.7632 -81.2374 38.4294
-107.233 36.7328 -86.9155 36.9823
-83.9799 34.9904 -79.5892 36.1452
-90.0592 35.6382 -82.811 36.3377
-111.398 34.4229 -105.268 35.2499
-100.64 37.4303 -95.2164 38.3651
-107.055 44.4019 -101.373 45.2941
-107.862 44.1074 -103.91 45.3902
-116.869 41.3536 -112.798 42.599
-100.547 35.7807 -96.3537 36.9897
-109.659 34.5589 -105.61 35.811
-111.164 40.8944 -105.863 41.851
-105.021 40.5293 -97.2002 41.1776
-114.608 38.7856 -100.874 39.1548
-92.9813 40.4099 -88.7908 41.6198
-111.032 34.3742 -106.526 35.4995
-94.0518 38.0518 -87.7423 38.8553
-92.8782 41.1917 -87.0012 42.0544
-89.8968 41.2037 -84.339 42.116
-84.2946 34.7939 -79.8836 35.9433
-116.396 37.3512 -111.117 38.3117
-101.308 39.5031 -95.2405 40.3387
-109.136 43.9047 -104.655 45.0363
-112.751 33.1686 -102.619 33.6689
-107.359 41.3856 -102.664 42.4656
-104.616 44.1117 -88.9043 44.4344
-111.762 39.7889 -107.752 41.0533
-93.1301 36.6968 -87.7816 37.6447
-109.454 34.3824 -105.241 35.5857
-104.05 33.781 -94.8085 34.3297
-103.539 34.0313 -79.6765 34.2438
-100.711 39.6522 -95.9294 40.7125
-96.7349 42.8358 -85.9472 43.3057
-99.5944 44.5603 -91.1222 45.1587
-90.383 35.6481 -81.6275 36.2272
-89.6177 42.0032 -84.0741 42.9178
-87.2976 43.716 -82.3382 44.7383
-110.358 40.6949 -90.8431 40.9547
-100.325 42.7579 -95.7705 43.8711
-106.586 36.0676 -101.617 37.0879
-107.572 34.7486 -102.329 35.7156
-96.5374 40.5223 -90.8645 41.416
-100.121 36.9931 -96.0454 38.2369
-109.345 44.4003 -98.55 44.87
-114.793 42.8111 -106.036 43.39
-96.7273 40.1233 -92.798 41.4136
-87.211 38.9451 -79.2532 39.5822
-87.234 43.0548 -80.5992 43.8189
-110.572 36.6336 -106.043 37.753
-97.0703 40.1908 -93.0057 41.4382
-116.412 43.6404 -111.628 44.7002
-98.7099 39.0936 -93.2976 40.0303
-95.0557 44.632 -90.9399 45.8638
-100.159 36.1253 -94.939 37.0966
-106.746 36.978 -101.903 38.0248
-106.039 43.7439 -101.83 44.9484
-114.664 43.7502 -106.867 44.4005
-91.7985 42.3712 -87.3521 43.5115
-82.4329 44.4607 -78.4265 45.7261
-114.707 39.5429 -109.839 40.5844
-110.378 40.2093 -87.8251 40.4341
-91.797 34.3626 -81.3274 34.8468
-83.3945 41.8295 -78.4951 42.8643
-102.412 35.8273 -97.5563 36.8715
-91.5183 39.5438 -85.236 40.3508
-96.7608 43.8187 -79.7529 44.1168
-97.8086 44.5924 -87.4492 45.0818
-88.6161 41.0833 -81.1278 41.7604
-85.1866 40.7885 -79.5637 41.6902
-106.565 41.5859 -101.074 42.5092
-107.144 34.3319 -103.158 35.6038
-112.321 45.1477 -106.1 45.9626
-100.87 45.0907 -93.553 45.7836
-87.8666 37.9321 -82.5895 38.8928
-101.691 35.3141 -94.6829 36.0376
-102.278 34.29 -97.8417 35.433
-107.07 42.1535 -103.007 43.4013
-116.545 40.9539 -112.635 42.2504
-99.8207 40.7472 -93.1194 41.5038
-116.057 44.2509 -111.379 45.3346
-114.539 35.6426 -110.607 36.9321
-93.4192 37.3423 -89.239 38.5552
-103.309 43.3414 -99.1357 44.5563
-87.4679 41.7285 -83.3364 42.9556
-99.0664 35.6608 -93.4455 36.5628
-92.7009 40.942 -85.4949 41.6456
-91.785 44.5725 -82.6958 45.1303
-89.1116 44.4794 -82.9852 45.307
-99.4567 38.6485 -94.8784 39.7558
-95.6525 39.3325 -82.8545 39.7287
-93.0028 40.1569 -82.8891 40.6582
-83.4456 35.9358 -79.3863 37.1848
-114.068 40.736 -108.831 41.7042
-110.293 38.8449 -105.554 39.9146
-92.0202 33.3193 -87.9886 34.5768
-102.506 42.4184 -97.8967 43.5183
-111.244 41.0299 -96.4958 41.3737
-93.2268 39.0419 -82.7972 39.528
-113.784 45.3298 -104.992 45.9065
-116.532 42.6021 -111.941 43.7066
-90.4704 40.9049 -82.1438 41.5138
-84.8348 40.1521 -79.9853 41.1976
-104.295 41.3453 -98.1052 42.1643
-92.4965 43.457 -88.005 44.5858
-92.678 40.3403 -85.0883 41.0084
-115.186 33.2062 -107.173 33.8389
-84.2216 36.0817 -78.3779 36.9493
-87.5736 34.0185 -83.2428 35.1892
-96.0106 35.3599 -89.2022 36.1046
-86.9837 35.5249 -80.252 36.2781
-93.0912 33.8568 -87.7263 34.8018
-114.766 33.1523 -110.633 34.3791
-95.7948 37.9208 -88.5802 38.6236
-85.957 34.3213 -80.9517 35.3342
-94.6547 43.5193 -90.0782 44.6272
-105.364 44.8164 -94.5885 45.2869
-90.4437 44.7024 -78.9098 45.142
-111.574 42.205 -107.369 43.4108
-88.3841 38.1276 -83.9518 39.2714
-100.322 37.3554 -95.2083 38.3469
-85.548 33.8972 -79.1836 34.6938
-114.661 34.6899 -107.593 35.4072
-92.182 42.8966 -84.9583 43.5984
-110.936 41.4515 -106.805 42.6789
-101.516 37.3496 -97.1033 38.4986
-105.954 42.1716 -101.835 43.4025
-109.917 41.7531 -105.923 43.0225
-112.704 44.5545 -86.2653 44.7463
-99.3644 42.0231 -91.4249 42.6617
-82.8177 35.6278 -78.4812 36.797
-96.7512 35.2547 -90.9122 36.123
-107.015 36.1626 -100.625 36.9561
-116.545 33.4962 -108.5 34.1264
-112.922 35.5998 -106.976 36.4526
-105.232 40.8761 -100.612 41.9733
-102.574 44.9714 -95.9377 45.7354
-100.352 35.1725 -95.1686 36.1506
-100.676 39.1801 -96.3685 40.3573
-108.993 34.0639 -104.922 35.3093
-104.386 33.953 -95.3879 34.5164
-82.8684 41.0562 -78.8998 42.3338
-96.1904 44.7743 -91.7742 45.9223
-104.68 33.0984 -99.2761 34.0366
-85.7475 34.5915 -80.1223 35.4928
-109.955 38.8417 -102.403 39.513
-87.1387 44.0247 -82.1245 45.0359
-106.35 37.9306 -101.423 38.9596
-100.664 43.7055 -94.8228 44.5735
-96.9131 34.3122 -92.8539 35.5612
-103.56 39.2861 -99.2856 40.4723
-102.459 39.011 -97.9731 40.1413
-101.525 34.3688 -86.6504 34.7097
-114.009 39.0034 -99.7968 39.3601
-101.673 38.2076 -86.622 38.5445
-103.945 40.4595 -99.9133 41.717
-91.4428 39.2267 -85.7035 40.1101
-112.22 42.9529 -106.924 43.9101
-97.3765 36.9989 -86.5725 37.4682
-92.913 44.0435 -85.0798 44.6908
-90.2665 36.5189 -79.6996 36.9987
-110.739 41.4211 -105.722 42.4315
-113.937 37.3298 -101.46 37.7361
-115.59 38.4373 -111.67 39.7305
-84.3404 34.2603 -78.9046 35.193
-115.993 39.0112 -103.871 39.4295
-97.8292 35.9811 -92.1298 36.8707
-115.827 37.5511 -111.835 38.821
-91.625 34.0523 -80.7195 34.5172
-94.2845 43.1366 -89.9478 44.3057
-98.8719 42.3702 -94.7942 43.6136
-85.7985 44.7408 -80.8993 45.7756
-88.4292 34.1362 -84.3879 35.3908
-88.9313 34.6436 -83.8432 35.6401
-108.274 34.3796 -97.1566 34.8356
-114.818 34.8905 -86.2355 35.0678
-92.024 41.7092 -86.7209 42.6653
-91.9661 42.3022 -84.7818 43.0079
-93.9998 40.761 -89.904 41.9989
-87.498 36.7253 -83.1984 37.9045
-84.2296 42.7793 -80.2615 44.057
-108.095 42.3396 -98.6063 42.8739
-105.888 40.0454 -96.8858 40.6086
-96.5908 37.9699 -83.6591 38.362
-93.9004 41.2949 -89.9075 42.5647
-94.7138 43.8209 -90.4688 45.0152
-113.554 40.8374 -108.881 41.9225
-88.762 38.2098 -84.8093 39.4925
-89.4674 34.2838 -81.0928 34.8892
-114.424 44.4736 -109.199 45.4438
-113.573 43.9912 -105.643 44.6306
-86.0367 35.324 -79.9283 36.1541
-91.2288 39.7059 -86.4224 40.7608
-99.6784 37.3403 -86.8151 37.7344
-92.6694 33.0496 -88.0004 34.1355
-86.6665 40.5551 -82.748 41.849
-112.855 42.4316 -98.5192 42.7852
-110.589 39.707 -104.544 40.5457
-82.7388 38.2794 -78.7822 39.5609
-102.356 39.2102 -98.1698 40.4214
-110.758 40.4903 -106.679 41.7334
-105.93 40.4011 -81.286 40.6069
-113.086 36.9237 -108.816 38.1109
-116.345 45.2582 -108.877 45.937
-105.709 41.2654 -101.661 42.518
-105.383 39.6771 -101.326 40.9268
-108.829 42.0664 -101.443 42.7528
-88.6523 44.2174 -83.3104 45.1665
-86.4729 43.6406 -82.5363 44.9285
-116.912 36.9673 -111.56 37.9146
-95.8359 33.7652 -90.2763 34.6771
-109.728 35.7269 -105.135 36.8307
-98.5207 44.4652 -93.5202 45.4791
-98.7417 33.3381 -93.6536 34.3345
-109.397 34.2819 -101.814 34.9504
-88.6735 42.6912 -84.6338 43.9463
-98.2821 36.4859 -93.5301 37.5529
-100.424 36.6698 -96.1468 37.8551
-103.486 42.1416 -99.5066 43.4159
-91.9619 42.0936 -87.9776 43.3661
-109.237 37.8129 -105.055 39.0253
-99.6024 40.3322 -95.2596 41.4996
-86.7328 34.9602 -81.5997 35.9479
-106.574 41.402 -101.624 42.4262
-115.584 44.3223 -110.518 45.323
-113.333 42.1148 -107.754 43.0235
-102.079 36.5867 -97.2907 37.6456
-97.2837 42.4946 -90.8837 43.2868
-102.075 35.0749 -86.248 35.3952
-95.2935 43.8174 -87.9377 44.5066
-89.645 34.2276 -84.1607 35.1521
-116.743 40.6026 -104.246 41.0083
-102.574 39.0188 -96.9317 39.9174
-90.9865 42.8604 -84.0327 43.5895
-109.543 43.1285 -104.562 44.1463
-91.9891 44.3993 -87.2223 45.4629
-114.655 37.5983 -110.579 38.8422
-93.3231 44.9317 -88.3508 45.9513
-94.9381 40.5588 -90.6764 41.7484
-104.876 36.8897 -100.125 37.9569
-87.6268 34.6832 -83.2531 35.8424
-91.2317 34.8098 -86.5484 35.8924
-109.902 40.3686 -96.887 40.7581
-84.4713 37.7526 -79.4044 38.7533
-105.038 40.2882 -100.647 41.4428
-93.3411 37.0597 -89.3262 38.3224
-90.3167 37.8355 -86.3942 39.128
-112.06 34.3055 -107.014 35.3103
-106.535 41.921 -101.506 42.9292
-94.7869 34.148 -90.8096 35.4228
-88.3789 44.32 -83.4867 45.3564
-112.127 41.4258 -106.575 42.3389
-115.193 44.8764 -108.52 45.636
-101.002 44.0247 -96.5205 45.1559
-95.0694 36.3544 -88.5793 37.1356
-91.792 44.2927 -87.2761 45.4154
-92.6237 41.6643 -86.4569 42.4864
-111.914 43.034 -107.989 44.3255
-98.0654 34.9444 -93.9034 36.1626
-100.498 43.0101 -89.8506 43.4863
-99.476 41.1415 -78.9903 41.389
-105.217 42.8875 -92.2197 43.2776
-113.34 43.2354 -107.119 44.0503
-105.302 36.6884 -99.3031 37.5335
-83.7715 44.821 -78.2216 45.7345
-109.407 41.7859 -101.079 42.3946
-90.323 38.565 -82.7964 39.2386
-87.9309 40.1753 -82.7053 41.1456
-83.2587 34.6674 -78.5975 35.755
-88.4345 41.6994 -83.1025 42.6502
-89.0171 40.9451 -84.4702 42.0602
-97.8653 34.5321 -85.3617 34.9376
-106.455 35.8632 -99.4858 36.5907
-86.7844 40.1155 -81.1149 41.0098
-104.81 40.2438 -95.3437 40.7793
-111.178 43.3015 -102.27 43.8707
-86.1179 41.1812 -80.5043 42.0844
-110.774 39.8576 -88.6944 40.0873
-94.901 39.3094 -88.9861 40.1665
-112.77 37.5248 -105.587 38.2306
-103.555 35.1658 -98.4016 36.1497
-106.532 43.6157 -102.431 44.8519
-82.8662 35.7447 -78.4577 36.8948
-99.6728 34.6631 -94.4108 35.6266
-104.958 39.4597 -100.98 40.7344
-112.029 42.0804 -105.705 42.8822
-94.4058 41.0557 -89.155 42.0213
-94.7679 33.4403 -90.5995 34.6566
-110.427 41.6357 -103.722 42.3919
-85.4748 42.9113 -81.1648 44.0876
-105.848 35.8559 -100.039 36.7287
-103.4 39.5988 -95.9014 40.2749
-95.8576 39.3769 -89.4294 40.1656
-114.162 33.4482 -103.604 33.9284
-112.148 37.4422 -108.245 38.7411
-91.8624 39.4508 -86.0315 40.3203
-109.918 35.397 -105.266 36.4869
-111.139 43.7139 -89.855 43.9521
-82.1725 33.504 -78.2651 34.8015
-111.483 44.7065 -104.252 45.4076
-92.9961 36.49 -87.1993 37.3647
-103.141 41.9183 -94.7718 42.5241
-114.108 37.3968 -109.385 38.4702
-89.2889 38.8465 -79.523 39.3657
-90.4956 40.6095 -79.4063 41.0667
-99.6831 37.3303 -95.1618 38.4517
-92.5939 40.0776 -84.1289 40.6766
-115.602 44.5971 -78.4278 44.7335
-94.2366 44.1406 -84.8186 44.6789
-103.543 33.8481 -92.6599 34.3139
-116.228 42.8459 -106.947 43.3922
-88.8017 35.8618 -84.6648 37.0873
-113.247 37.0813 -103.766 37.616
-83.4793 36.2589 -79.1204 37.422
-89.7967 35.7556 -83.0292 36.5048
-113.56 41.6482 -108.981 42.7554
-88.1438 39.4329 -81.6517 40.2138
-86.6565 36.4606 -82.2691 37.6162
-92.4154 33.7262 -88.2782 34.9517
-96.7615 39.3232 -92.851 40.6197
-103.014 39.6525 -98.9629 40.9042
-102.456 37.696 -91.8938 38.176
-105.065 38.9118 -100.938 40.1405
-98.6821 38.6489 -93.4977 39.6268
-110.342 36.8601 -103.107 37.5608
-105.487 38.2413 -90.2652 38.5743
-113.018 36.6908 -106.314 37.4471
-105.449 35.1067 -101.121 36.2782
-102.067 43.6548 -96.6579 44.5921
-102.045 38.5759 -96.283 39.4558
-98.7324 43.1118 -94.6616 44.3572
-104.464 37.5454 -97.887 38.3162
-99.7069 41.3639 -95.7603 42.6485
-86.0816 36.0943 -80.4188 36.9896
-106.583 39.8829 -101.25 40.8336
-101.333 35.9579 -83.9967 36.2503
-116.139 37.9433 -112.089 39.1951
-110.119 43.8095 -105.06 44.8116
-114.513 38.5338 -104.429 39.0366
-98.2492 39.2534 -93.5867 40.3408
-104.924 35.1585 -95.645 35.7049
-90.0716 35.331 -85.6838 36.4864
-101.337 41.8807 -94.177 42.5888
-92.6433 41.7674 -86.2252 42.5573
-109.672 33.3264 -105.114 34.4389
-112.251 42.3666 -102.536 42.8885
-108.791 42.1074 -104.743 43.36
-95.5193 44.8082 -90.0454 45.7344
-100.305 33.7675 -95.2983 34.78
-93.7582 40.6102 -84.1238 41.1364
-96.0226 33.1963 -91.1435 34.2355
-89.5481 42.6227 -83.8325 43.5098
-100.377 36.5295 -92.8551 37.2035
-111.644 33.4081 -106.367 34.369
-102.196 35.9149 -97.9108 37.098
-107.81 37.8393 -103.452 39.0026
-109.726 41.1807 -92.3157 41.4719
-90.826 36.5036 -83.3877 37.1852
-109.911 42.5326 -102.753 43.241
-115.183 40.0153 -107.101 40.6426
-102.701 35.1768 -97.7589 36.2028
-84.5635 33.0787 -79.5552 34.091
-93.2343 39.324 -88.9061 40.4954
-112.322 41.3615 -106.943 42.3039
-106.605 34.4495 -101.044 35.3611
-101.127 37.7598 -93.2483 38.4033
-101.027 41.5291 -96.7617 42.7179
-111.431 39.8539 -102.542 40.4242
-86.0004 42.1037 -81.9078 43.3425
-98.4669 43.4324 -87.7543 43.9057
-115.905 36.0376 -110.719 37.0152
-103.067 35.5232 -96.7718 36.3285
-96.951 43.8882 -90.6008 44.6866
-113.926 33.3717 -109.677 34.565
-99.7545 37.2786 -89.6536 37.7805
-111.315 43.8917 -88.4784 44.1137
-99.4003 36.7334 -94.5403 37.7766
-105.714 38.843 -101.652 40.0912
-103.476 37.7035 -97.0682 38.4947
-107.412 33.4849 -102.362 34.4889
-92.2416 33.8638 -87.7785 34.9998
-105.826 39.0212 -100.37 39.9504
-86.4799 34.3866 -79.4065 35.1034
-113.267 35.4495 -107.188 36.2836
-85.4909 42.7355 -79.1656 43.537
-99.2824 34.9096 -79.2284 35.1624
-108.28 41.2767 -99.2238 41.8365
-104.136 44.6478 -99.9629 45.8626
-84.3951 37.9212 -78.0348 38.7184
-102.878 41.0267 -98.9597 42.3207
-94.6362 37.7231 -90.6355 38.9904
-112.539 41.668 -108.375 42.8857
-90.084 41.4379 -83.7464 42.2378
-104.035 42.9258 -96.4707 43.5961
-116.237 42.7477 -100.875 43.0778
-85.7316 41.6861 -78.1748 42.357
-94.6908 45.5025 -83.2671 45.9463
-85.9368 37.4273 -80.131 38.3006
-98.3764 37.4103 -92.6442 38.2947
-103.896 42.7221 -87.9229 43.0395
-96.8151 37.9497 -90.4372 38.7446
-91.0247 39.2533 -87.0676 40.5345
-105.773 37.4241 -97.7393 38.0552
-113.738 42.2729 -108.45 43.2317
-115.886 42.534 -111.349 43.6516
-90.161 42.3384 -86.2005 43.6185
-96.5915 40.4699 -89.0176 41.1393
-110.76 39.6754 -103.246 40.3501
-91.3393 34.193 -87.2382 35.4292
-94.2336 41.0755 -88.9279 42.0311
-106.569 36.4292 -102.136 37.5727
-106.238 33.372 -99.8111 34.1609
-113.711 37.6426 -109.442 38.8302
-98.6342 38.9276 -92.9869 39.8254
-89.1115 39.2169 -84.4726 40.3098
-87.6162 36.3889 -83.5154 37.6252
-101.36 44.7875 -89.4742 45.2141
-106.704 34.6388 -101.199 35.5598
-102.885 43.213 -98.9052 44.4869
-86.984 39.4477 -82.7757 40.6525
-114.329 43.5504 -105.344 44.1146
-91.8543 35.1038 -87.7414 36.3365
-86.1473 36.224 -81.9629 37.4357
-103.353 42.975 -97.6984 43.8716
-92.3639 40.4444 -88.4361 41.7352
-90.4487 38.7876 -84.7218 39.6729
-96.5008 33.6794 -87.1959 34.2243
-111.156 37.4756 -103.165 38.1101
-110.88 42.6265 -98.6987 43.0427
-105.589 40.7678 -97.484 41.3933
-110.795 41.5461 -106.082 42.622
-107.211 38.1671 -102.947 39.3561
-102.874 36.8663 -98.0656 37.9206
-86.3367 41.9373 -80.0452 42.7431
-84.8463 38.236 -79.6352 39.209
-99.9527 35.7417 -95.8962 36.9916
-106.647 44.2051 -100.811 45.0739
-114.575 34.3663 -108.346 35.1802
-100.951 37.3474 -78.4709 37.5729
-93.7467 41.7507 -86.1721 42.42
-115.122 43.654 -110.237 44.6919
-109.366 35.0269 -105.301 36.2743
-98.2758 40.0836 -92.6652 40.9873
-111.839 39.5284 -102.074 40.0476
-96.6398 38.7678 -90.6688 39.6169
-92.719 44.2671 -88.8018 45.5614
-108.525 36.2603 -104.045 37.3921
-87.3586 37.1192 -83.0888 38.3066
-88.6669 36.809 -84.0776 37.9137
-98.7507 33.7338 -92.4393 34.5371
-85.4655 34.3749 -80.7085 35.4407
-116.992 36.9549 -112.58 38.1042
-99.4188 43.7211 -94.4215 44.7357
-112.161 33.9094 -86.6958 34.1085
-85.8269 41.305 -80.3136 42.2246
-103.212 37.8555 -78.8855 38.0639
-112.733 40.9221 -97.2156 41.2488
-104.975 38.6691 -100.583 39.8234
-96.2906 36.6651 -90.4094 37.5272
-110.251 43.7964 -98.9708 44.2459
-103.863 42.9073 -87.8576 43.2241
-89.3681 42.1708 -85.3545 43.434
-110.854 36.5764 -105.862 37.5921
-111.591 40.8058 -106.982 41.9058
-94.5712 40.0165 -89.7147 41.0605
-94.8992 39.1749 -90.9134 40.4469
-97.7613 41.5072 -92.6308 42.4954
-89.7118 33.6534 -85.7162 34.9223
-105.672 41.2434 -100.008 42.1386
-110.479 44.5195 -101.081 45.059
-111.848 39.0853 -104.866 39.8114
-109.707 36.442 -104.355 37.3892
-96.0859 38.5373 -91.5809 39.6627
-87.4465 40.5623 -81.6393 41.4353
-108.5 36.3213 -104.127 37.4804
-108.228 44.3111 -99.6808 44.9043
-92.6558 38.7214 -87.9322 39.7947
-90.4516 36.038 -86.4988 37.3207
-107.103 40.0421 -103.032 41.2875
-113.556 43.1336 -105.541 43.7662
-91.4087 45.0316 -84.4297 45.7581
-107.691 35.3299 -103.375 36.5046
-99.5391 42.6822 -94.1867 43.6294
-115.394 41.7886 -100.049 42.119
-107.962 44.3981 -102.089 45.2614
-115.109 35.8353 -105.374 36.3561
-105.06 44.5788 -97.241 45.2272
-102.851 41.2419 -98.4044 42.382
-100.509 44.8097 -95.0469 45.7379
-108.099 34.0519 -104.012 35.2925
-92.3991 44.2033 -79.496 44.5963
-113.555 34.9734 -101.853 35.4067
-96.2125 40.9475 -92.1332 42.1903
-102.523 42.3487 -90.8029 42.7813
-114.044 33.2034 -108.005 34.0429
-86.0042 33.9845 -80.3627 34.8832
-95.7656 38.7336 -87.9766 39.3845
-87.8111 43.7232 -80.8431 44.4508
-103.336 37.3776 -98.3762 38.3999
-100.256 40.4204 -95.3808 41.4604
-103.525 39.7773 -98.2694 40.7419
-107.14 41.2318 -102.346 42.2895
-104.46 36.4366 -98.9712 37.3604
-107.853 42.6334 -103.569 43.817
-95.3091 44.4211 -81.9355 44.8002
-108.126 43.56 -93.2053 43.8998
-112.868 39.0236 -108.942 40.3151
-89.9626 38.134 -84.5681 39.0739
-110.639 42.8863 -105.797 43.9335
-99.6999 36.9113 -92.3742 37.6034
-82.9402 41.5633 -78.1505 42.6218
-108.105 33.0674 -95.7637 33.4783
-89.7221 37.6182 -83.6356 38.4511
-88.9915 41.0628 -78.0042 41.5243
-87.7228 39.0084 -80.7264 39.7331
-89.1693 43.4434 -83.047 44.2715
-87.9118 44.7264 -82.7537 45.7094
-109.354 42.9021 -93.051 43.2131
-93.5456 44.5671 -88.638 45.6002
-102.982 39.0683 -98.6334 40.2342
-92.2248 39.1479 -86.6341 40.0548
-94.8267 42.9864 -90.3808 44.1268
-109.017 40.9584 -104.556 42.0949
-113.561 41.1781 -107.272 41.9843
-89.6161 39.9559 -85.0872 41.0754
-104.863 38.3338 -97.0952 38.9865
-90.2153 36.5518 -84.0027 37.3679
-91.953 40.6406 -85.9228 41.4814
-112.627 36.784 -107.744 37.8223
-105.914 41.6037 -101.154 42.6689
-92.5514 38.7726 -82.7562 39.2902
-114.69 34.2448 -109.853 35.293
-106.481 36.9669 -102.143 38.1355
-90.8364 38.5133 -80.3098 38.9949
-111.097 35.8441 -105.387 36.7321
-84.7595 40.3438 -80.6047 41.564
-99.3757 38.3409 -93.5562 39.2121
-113.706 35.4973 -103.882 36.0134
-101.022 36.9564 -95.6606 37.9021
-92.4495 41.0847 -83.9968 41.6845
-95.4259 38.9126 -89.8658 39.8245
-100.775 40.1134 -78.0813 40.3368
-110.468 43.1072 -106.414 44.3577
-115.315 42.3503 -110.238 43.349
-100.138 44.9526 -90.0571 45.4555
-92.4849 43.3656 -88.4074 44.609
-108.965 38.0773 -101.741 38.7791
-113.687 39.2041 -109.46 40.4034
-97.6601 33.0088 -92.8267 34.0578
-105.651 42.8634 -98.7866 43.602
-87.5146 38.3659 -82.753 39.4307
-92.1742 38.5335 -83.0256 39.0876
-86.1264 40.5608 -81.1932 41.5885
-106.079 41.0811 -101.62 42.2179
-111.161 36.0944 -107.233 37.385
-112.929 45.3466 -90.1086 45.5688
-89.302 35.7392 -79.1481 36.2385
-113.241 36.7368 -108.691 37.8511
-103.044 43.9226 -94.5118 44.5168
-112.882 35.8984 -104.335 36.4915
-101.739 34.154 -95.6019 34.98
-107.105 43.8672 -103.113 45.1371
-94.9437 43.0524 -89.4803 43.9804
-85.892 34.754 -81.73 35.9721
-89.5906 36.9178 -80.8007 37.4946
-86.3008 39.6591 -82.2623 40.9146
-91.4066 39.1798 -87.4393 40.4578
-82.6539 40.5569 -78.1421 41.6806
-90.9743 34.146 -85.0462 35.0013
-97.4659 35.7629 -92.2184 36.729
-111.385 41.5122 -104.477 42.2462
-110.209 45.0952 -101.968 45.7104
-94.3476 40.796 -87.1978 41.5052
-89.2724 39.3867 -83.5522 40.273
-96.5989 38.3312 -89.6607 39.062
-97.5749 41.7911 -92.871 42.8689
-113.723 44.613 -109.736 45.8846
-91.438 39.5352 -87.4595 40.8096
-92.56 33.0619 -83.2109 33.6042
-115.172 41.2324 -110.117 42.2354
-92.3338 38.6195 -86.3181 39.4623
-95.0726 35.0454 -86.341 35.626
-105.012 41.4623 -99.4306 42.3707
-86.7167 37.5866 -81.8983 38.6388
-113.614 37.9144 -85.1791 38.0927
-96.7084 44.6528 -89.7607 45.3825
-94.0964 33.5197 -88.9654 34.5078
-92.7433 42.2807 -87.6554 43.2772
-108.035 40.6315 -85.5984 40.8574
-103.326 41.332 -78.7806 41.5385
-100.019 37.886 -93.3208 38.643
-105.637 34.4554 -101.472 35.6726
-88.1937 38.7401 -83.5721 39.8371
-116.31 37.7336 -81.0862 37.8775
-111.411 41.243 -106.491 42.2735
-90.5806 36.9757 -82.7028 37.6192
-108.37 45.2687 -101.195 45.9753
-95.6487 41.8069 -87.8819 42.4597
-95.1996 36.08 -89.5645 36.9797
-95.1114 35.3622 -90.9576 36.5828
-108.074 41.988 -99.9473 42.6119
-102.684 33.6195 -98.4061 34.8048
-92.9386 43.6009 -88.3026 44.6945
-95.8211 33.9059 -87.6073 34.5231
-114.928 35.7974 -110.716 37.0011
-92.9719 34.0725 -83.4733 34.6063
-98.9564 37.2163 -94.7183 38.4126
-107.72 33.4817 -103.487 34.6794
-94.6161 41.6924 -84.0241 42.1711
-85.417 36.7973 -81.262 38.0175
-93.8287 40.2933 -89.101 41.3657
-87.4224 33.2789 -83.4301 34.5488
-112.213 41.5178 -108.106 42.7523
-114.646 38.2973 -78.2278 38.4366
-115.094 38.5353 -111.068 39.7946
-86.5753 36.4059 -81.9178 37.4944
-115.67 42.6442 -110.697 43.6638
-111.041 33.8875 -103.362 34.5477
-115.325 43.6573 -106.955 44.2631
-111.165 42.2409 -105.771 43.1809
-102.062 38.4929 -93.3534 39.0751
-98.722 36.4474 -93.6406 37.4452
-95.4593 38.1027 -90.2723 39.0802
-95.262 36.9695 -91.0102 38.1619
-94.2865 37.746 -88.3352 38.598
-82.4711 36.2439 -78.4865 37.5163
-104.297 36.7676 -99.5395 37.8333
-113.065 38.9647 -108.876 40.1752
-85.977 39.6381 -81.6033 40.7973
-103.956 41.6221 -99.9234 42.8793
-111.909 35.8345 -102.423 36.369
-96.9163 42.1123 -92.3413 43.2205
-116.401 37.8956 -110.518 38.7574
-115.73 33.3712 -83.9149 33.5306
-91.3924 41.5433 -86.6589 42.6144
